1.51660 1.81830 -2.46578 -2.90633 -4.99882
-3.33789 -0.65858 0.68895 0.62507 4.08663
0.13810 1.70284 -2.80479 1.33143 -2.47762
-0.14860 1.47697 4.98281 5.08698 4.10755
-1.69993 2.31364 -1.93682 0.57075 -1.07614
0.40273 -2.47121 1.82992 0.12735 6.07305
-2.55792 -1.66494 0.18528 -0.57982 0.30320
0.52814 -0.23857 1.31891 0.28259 3.00344
-3.94015 -2.46406 2.12880 -0.64309 6.49992
-3.46712 0.50791 -1.64464 4.62281 -2.00995
-1.87999 -0.30609 -2.91993 0.73377 -3.75125
0.45852 -2.03357 0.40181 -2.42492 6.55339
4.76601 5.50714 3.30534 -4.23608 -10.71686
-0.28360 0.10651 -4.24291 -0.44374 -3.39306
2.71616 5.12253 -0.77790 0.70436 -7.89291
2.49744 0.46156 -1.15027 -2.24662 0.78170
1.29581 1.58229 -3.15194 0.96968 -4.32257
0.67298 1.33690 -1.50925 -0.52995 -2.02354
-2.98197 0.67631 1.36787 4.53991 4.32205
0.81735 -2.42235 0.23084 -1.63173 4.76919
-1.56718 0.56305 0.00085 0.19624 0.13098
-0.41752 -0.68082 1.84391 0.47948 3.00340
4.52052 4.46169 0.74028 -2.11658 -3.95286
-0.24930 3.19761 1.83704 3.38201 -4.25425
-0.94894 0.16527 -0.66213 0.12576 -3.78899
-1.24895 -1.98559 -1.39174 1.57889 1.94519
-1.09397 -0.09902 1.85622 -1.43631 1.51765
1.87664 0.78033 1.97856 -2.68608 -0.01834
-0.79559 -1.60362 0.78292 -1.09932 2.75438
0.64367 0.50564 5.22036 0.60139 3.48227
-0.70173 1.37476 -1.05122 1.94348 -0.41317
-2.02425 2.12765 -1.25074 2.27871 -2.25483
2.02566 2.16682 -0.98511 2.73047 -5.98775
0.78102 0.51143 -1.36911 1.96075 -0.01773
0.28706 1.75404 -2.92851 2.20093 -2.91432
0.23758 0.49797 0.35639 -0.49805 -1.06406
3.00870 -0.56495 0.64421 -2.12643 2.64269
0.09452 -2.49238 2.02795 -2.75137 -2.01208
0.86516 1.94441 3.01345 0.81684 -0.83905
1.89464 -0.51088 -0.94129 1.46090 0.64708
4.50734 1.47449 0.10019 -3.64396 -3.68584
-1.76276 -2.40604 4.21607 -2.70098 -0.39198
0.06324 -1.48201 -0.18783 -4.52684 -0.43648
-1.98827 -0.91213 1.71392 -0.75492 -1.96312
1.33067 0.69848 -1.69201 0.43895 -2.40837
0.66124 1.20264 -0.23139 -0.30990 -6.94275
1.07294 0.09467 -2.25739 2.49618 -0.30862
-2.44106 -1.86030 2.59066 0.02100 3.60468
1.72211 -1.20596 1.87179 -3.67215 2.45951
1.92329 3.56949 1.11486 1.85666 -3.11651
-0.00025 1.18194 -0.74724 0.30606 0.49349
3.01361 0.27911 0.38306 -2.42413 -0.35181
1.36010 -0.27687 -3.26887 -3.10271 -5.54324
-1.56600 3.28373 -4.36585 0.65378 -5.22109
-2.08238 -1.44872 2.67638 0.73131 0.88592
-0.83130 -0.25967 1.62164 -2.69433 -0.38912
0.97986 -0.03174 2.55302 -1.23517 3.24231
1.27607 0.84043 -1.55183 0.86922 1.51107
1.24958 -0.47371 0.65561 -0.57746 0.44881
-1.37179 -1.39291 3.29985 -1.08179 1.88352
-1.25485 0.52653 -2.55055 -0.03617 -4.28131
0.62742 0.70310 -0.38632 -1.22228 0.32179
3.86383 5.04492 -1.82393 1.37011 -7.68434
-1.83803 -4.16610 -0.72781 -3.91795 2.12878
-2.25248 0.92926 -1.23522 3.66012 -3.17914
0.99004 2.20575 -4.20862 4.60366 0.26741
2.22493 1.77871 -1.70567 -3.63095 0.01102
3.22852 -0.92552 2.47372 -0.54959 5.01013
-0.19135 -1.24107 1.53406 -0.04618 1.22199
-0.84357 0.29623 0.09976 0.69792 -0.60313
0.69098 1.72844 -2.17627 1.38168 2.32550
3.28562 0.79672 -2.47929 2.00736 0.53991
-0.36505 0.87070 -0.42200 0.04387 1.98557
-1.29182 2.64390 -0.08759 4.35555 -5.66622
0.97398 -0.37910 1.07525 -4.07776 3.16656
-0.12438 -2.54699 3.27372 0.04151 8.46497
0.32856 -0.21323 -0.18356 1.07790 0.72240
-2.87988 0.31913 -0.06316 -1.75471 -3.33967
-0.34008 1.05672 -1.76364 -2.49386 -5.01964
4.29354 1.92054 -4.84315 2.05482 -0.35363
0.75651 -2.57769 -1.88830 1.61620 -0.93343
-2.77211 -0.80169 2.15497 -0.47235 1.09606
1.81621 2.75341 -0.31872 -0.55176 -4.13567
-0.06471 -0.67793 -1.06131 -4.53426 -2.75486
-5.47683 -6.31880 -1.54964 -0.06646 11.81337
1.74888 -1.71990 2.40578 -1.31833 2.70250
-0.77654 -0.29870 -2.87785 -0.20408 -2.10047
-2.06290 -5.20209 3.24698 -0.71842 9.64489
2.46188 -0.51392 3.06033 -4.63414 5.95984
-1.00374 0.93648 3.43082 -0.51414 0.91716
-1.48592 -1.88355 0.44945 -1.10263 1.88147
-1.36956 1.21095 2.41441 -0.10444 -5.59855
1.25272 3.08730 -4.53982 1.64113 -0.75837
1.69016 -0.62195 -1.40399 -0.60922 4.93560
2.11730 -0.13266 0.15386 -0.71145 -1.65519
1.31233 1.66367 -3.73505 1.51689 -2.78573
-1.54715 -3.71898 -1.36417 -0.72751 5.45859
3.47766 4.09655 -2.26499 -0.13837 -6.38272
4.09591 -0.29658 -1.49033 0.62223 1.77316
-1.03320 -0.87871 -1.45187 3.26853 3.55258
1.34895 2.09399 2.82947 1.05310 -4.52048
3.63114 1.52824 -3.37437 1.60522 1.10327
-3.39390 -4.42952 1.12493 -0.18061 8.75147
0.82744 2.86237 -3.36169 0.91689 -1.29460
-2.13437 -4.70414 1.64410 2.04323 8.00642
-3.15568 -0.13866 1.77062 -3.38565 -3.74397
2.11522 -0.43946 -2.39472 -1.01283 -1.24108
1.34224 -0.49234 1.44018 1.14956 0.88401
2.02433 2.38975 -4.16142 1.96631 -1.58774
2.59262 1.34038 -2.82802 1.99476 1.43445
1.85106 0.13412 -1.15471 -0.29744 -1.30468
1.78165 -3.21983 0.46569 -1.96475 5.12069
-0.49194 0.82724 1.44224 0.28020 -0.16155
-1.91499 -2.00769 -3.83827 0.04393 -0.11161
-1.61668 -0.94231 -0.89510 0.89717 -0.41051
2.69462 -0.69649 3.43735 0.25151 6.55096
2.73515 1.14828 -3.58724 2.02477 0.26677
0.23573 1.16327 -2.43141 0.81206 -5.36277
0.88458 3.12977 -4.13100 0.60028 -1.28209
-2.28069 -1.80791 3.37440 0.89217 3.46892
-0.73962 1.83296 -0.27189 2.28160 0.63511
-1.19968 -0.35062 1.59904 0.79336 3.45206
0.63769 1.15030 -1.25817 -3.06442 -5.80335
-1.99224 -0.17095 1.76177 -2.26893 -0.33569
-2.68770 -1.71045 1.48030 2.50473 2.51390
-1.46669 -0.57542 -1.72328 0.14249 -1.06910
-0.86358 -0.72226 1.54275 0.20734 2.55128
2.15692 0.12284 -2.20504 -2.44932 -3.51848
-2.62472 -2.82271 4.81494 -0.33732 0.87919
-1.82593 -4.20979 -3.41958 -0.82257 -0.53493
-1.95124 -1.72944 3.01466 -2.01801 -1.41212
-0.11101 2.81226 -0.58547 -1.40076 -5.19774
1.20090 -0.77001 -0.83291 -2.40489 -2.37912
-3.31864 3.91454 -3.03739 5.82806 -7.44041
-2.89321 -0.98158 1.36957 -0.72375 -3.21957
0.59471 -1.42358 0.71705 -1.83131 8.54045
-2.65564 -2.75442 -1.84756 -0.04058 4.28900
-0.36974 -1.62257 3.65174 0.97224 3.33342
-0.90529 2.21000 2.54266 1.96941 0.76167
-1.46808 0.91379 2.16046 -1.21265 2.26992
-2.81997 1.01951 -0.78264 1.42304 -1.19875
-7.47989 -3.78996 -1.57283 0.28684 3.90936
-0.71279 -2.31629 -0.01932 -0.36003 2.45316
3.37075 -0.67651 0.37825 -1.18262 8.14133
-0.43866 1.35130 -2.37361 -0.10843 -1.30370
-0.61388 -3.66790 0.46176 -2.25809 2.79274
0.11057 -3.65813 6.31450 -6.75661 1.44514
-0.72969 -2.71418 1.93139 -0.32033 4.08710
0.30612 -0.48450 0.05248 2.18933 2.58433
-0.37677 -1.13181 1.56296 0.40981 1.08889
-0.34965 1.92064 -4.19434 4.60891 -3.32970
0.53918 0.66324 3.28663 -0.47065 -1.37217
-3.00781 -3.47002 6.91004 -2.60895 3.08191
-1.02806 -0.61158 1.87750 1.73547 4.75423
-4.62979 -1.15077 3.57600 -3.44863 -2.76516
1.67399 1.09173 -3.88121 3.28693 -3.51005
-0.08352 -0.22500 1.40215 -1.69760 -2.36416
-1.44802 0.24688 1.17081 0.66472 1.86649
-2.39231 0.60212 -0.88571 0.19888 -3.54090
-3.12399 -3.54701 -1.10121 0.85696 7.13980
-0.44229 4.40707 -2.47028 4.30796 -8.44544
1.18849 -1.06601 1.02042 -1.56056 2.84095
-1.34752 1.07538 -0.54243 -1.16716 -1.38168
0.18533 1.16086 -2.14768 2.51629 -0.26047
3.43116 2.39649 -4.36032 2.89252 0.90435
1.03230 -0.99236 1.43313 -0.18055 3.26828
2.63730 0.05935 0.56832 -0.73246 4.48773
1.89901 -0.96986 0.44302 1.14481 3.90736
2.04404 0.34149 0.28541 -1.59399 -2.10247
-3.43534 0.90949 0.02584 2.35249 -1.35454
1.36018 0.29926 0.86231 -0.11102 -0.32836
0.81617 4.69151 1.49754 0.10308 -4.72367
-2.28325 -1.80094 -0.37443 1.60221 3.92468
-0.05296 0.74640 -1.11861 -0.21030 -2.27764
0.20237 -2.24391 -4.35998 0.54575 2.68032
-0.06337 -0.22782 0.08932 0.28089 0.24973
2.16770 3.46806 -3.94179 -3.23399 -16.88456
-0.43406 4.93375 1.27127 5.66309 -4.08159
1.11220 2.64807 3.35442 -1.21881 0.87658
1.06261 4.43119 1.18113 -0.21338 -6.96949
-1.93133 3.55524 -3.02224 2.29588 -12.45245
-1.40964 -0.00031 0.67975 0.98689 1.35717
1.53093 -1.55283 1.51235 -1.34290 7.08491
-1.75960 -0.03919 0.26914 3.32415 1.45018
-0.56826 -0.14410 1.03704 -0.01815 1.50975
0.67796 0.36944 -1.07363 1.70940 3.79985
-0.42747 -1.28892 2.00338 -1.65554 -0.13782
0.61601 -0.30719 0.14283 -0.26767 -0.08107
1.31368 -0.81405 0.63089 -0.00606 1.76513
-0.48968 -2.74846 2.64146 -1.00216 8.85786
1.79335 3.26957 -1.55273 0.58685 -6.00463
-3.98831 -0.42808 2.16738 -0.10227 -2.82905
0.33653 1.81975 -3.48192 1.28956 -5.87774
-1.77131 -1.01843 1.81013 0.42733 3.92302
-0.83763 0.47243 -0.62513 0.18805 -3.52256
-0.04715 3.94608 1.16468 3.43829 -5.60590
1.43042 3.69904 1.49620 2.25415 -1.29243
-3.17641 -0.76638 1.60833 3.64399 6.80528
1.86960 4.38468 -3.15777 1.59561 -5.68413
-2.86084 -3.49683 1.87916 -0.53593 6.58960
3.37244 4.73974 -2.27220 0.12421 -12.22423
0.82917 -4.24344 3.77746 -1.24025 10.46704
2.47550 -0.70894 0.48726 -1.43880 3.36337
-1.34433 0.54395 -0.79688 1.31827 -2.65417
-1.56710 0.78704 -0.08352 -1.99818 -1.99664
-0.50930 1.94136 -0.22128 1.20243 1.72504
-2.15997 -0.39244 1.19540 1.68068 0.68197
3.37425 -1.63819 1.16410 -1.95315 0.29916
0.87826 -0.96267 -2.23431 -0.00335 -5.16606
-4.85085 -1.52416 -3.81836 0.38612 -2.28052
-1.82747 2.33656 -1.75614 1.63438 -3.41967
3.67735 -2.34241 1.24353 -0.43412 0.06350
-1.81813 1.01531 -0.56563 1.19869 -0.74388
5.80390 4.48374 -1.53672 0.00198 -11.05467
1.89294 2.18560 0.20197 2.30768 -1.71527
0.71753 -0.88805 1.10813 -1.71526 -0.91714
-1.36167 -4.31920 1.58698 -0.97307 9.14319
-3.44463 -0.14668 1.86634 2.70979 2.43547
2.42157 2.29206 -3.21688 0.23122 -2.23861
0.31063 -1.02067 1.36100 -1.22914 2.05700
-1.56074 -1.49068 2.97773 -1.41349 1.10646
-0.33052 0.65392 -0.68133 0.26616 -0.54521
-1.04932 -0.22838 1.85011 -2.45786 0.08800
-0.40301 -3.33238 0.94783 -3.43967 7.92937
-0.20747 -0.10124 0.60413 -1.98939 0.37738
1.55270 -1.48993 2.31228 -3.18666 3.45700
-3.19180 0.22168 0.50845 -0.88367 -0.43084
2.49792 4.38841 -0.71355 4.58931 -9.70382
1.65729 -1.55021 1.35194 -0.96557 2.19355
2.39023 0.08354 0.15657 -1.52451 1.88187
2.61790 4.62810 2.69319 -1.22703 -5.62149
1.90948 2.66495 -5.20681 1.46989 -4.40872
2.87598 2.20537 -0.34301 -1.07759 -5.76267
-2.57532 0.15713 1.29699 -0.80613 -1.36671
1.35950 1.54932 -2.92005 1.36099 1.15118
-1.04229 -0.23914 -0.17875 1.22979 -0.83863
1.31684 0.16046 -1.18698 1.26195 1.12543
0.50275 1.21702 -2.83691 2.19040 -3.27349
1.78107 0.15761 6.47723 -2.12675 1.73707
0.78481 1.60059 -1.69015 -0.46549 -0.60228
2.98225 3.25430 1.85786 0.51146 -2.03322
2.59444 5.04940 -1.50289 2.06129 -7.87899
1.58496 -0.10816 1.42531 -2.44907 1.38768
1.14830 0.99450 -1.65606 -0.14070 -1.17424
-1.73576 -4.65133 3.36151 -0.69415 10.32863
0.55729 1.28698 -3.27380 4.46833 -2.62827
-0.12078 1.52615 -2.38413 2.60688 -0.45895
-0.90291 -1.91693 1.46192 2.03560 5.43074
-3.17345 1.24258 -2.25323 1.49234 0.15804
1.11630 1.10537 -2.84640 1.96393 -1.28866
0.32156 4.87516 -1.08381 3.35451 -8.47800
0.43339 -2.65347 0.28605 -1.88523 2.97264
5.27522 2.25004 -1.10398 -0.92792 -6.57641
1.08082 2.78789 -0.00274 1.40246 -4.50418
0.40217 -0.24890 0.42629 1.33017 1.95152
1.70381 1.14547 -0.03736 -1.29577 -1.86343
-2.21517 1.01530 -1.40243 1.48354 -1.09883
-2.45490 1.34997 0.03423 0.77180 -3.45123
3.88298 -0.46256 -2.19893 1.87167 -2.19529
-2.40627 -0.95974 0.87873 -1.51163 -1.31391
-1.22097 0.66303 -1.23713 3.62687 -0.28361
2.22767 2.70302 0.05328 -0.75739 -6.73017
-0.96609 2.24258 -0.52405 2.48180 -4.07031
-0.68326 1.12719 -0.58707 4.08216 1.24936
2.40335 -0.66327 0.76333 -1.17440 1.72168
0.05032 -0.00969 1.24913 -0.71611 1.53868
-1.51655 -0.77316 -3.99662 -1.53433 -3.78131
-0.51412 -1.20673 1.56184 -1.70635 -0.05849
1.48221 0.74216 1.78123 -1.39918 -1.60411
2.16289 -1.65892 2.13567 -2.71107 2.42768
0.46012 1.28366 4.51971 -0.73376 -1.86963
0.05888 3.55400 0.71063 1.45918 -7.25770
1.03550 -2.73083 -2.51442 1.03033 3.96042
-1.67202 -0.27003 -2.96653 -2.52205 -3.53551
2.51264 2.50324 3.08273 -2.73099 -0.84711
-0.27936 -0.93442 1.50124 -2.76786 -0.33185
-5.19820 -3.06534 -1.56853 1.93152 6.71709
-0.23911 0.42522 0.36671 -0.50540 0.69564
-2.07797 -0.91733 3.56237 0.38010 5.02371
-1.12308 -3.83641 7.64449 -3.61622 6.63087
4.56881 -2.74183 -0.78585 -3.59184 4.32997
1.87345 4.84548 0.80750 0.86715 -8.85127
-0.89013 -1.92631 0.02283 2.35690 6.85749
-2.73032 0.73440 -0.34715 1.28535 -0.64171
1.65840 -0.31966 -0.21375 0.56767 0.95293
-0.36247 -2.53774 0.68130 1.07053 4.33895
-0.77737 -1.27302 2.43553 -2.43125 0.01083
-2.36153 -0.57055 -2.32104 0.39184 0.38723
-3.90521 -3.11806 0.53005 2.36351 8.44106
-0.85428 1.49668 -2.08831 2.77916 -2.37342
-3.61462 0.65618 0.46754 3.18874 1.45024
-2.26578 0.85050 0.54344 -0.23860 2.19509
-0.99892 -0.88277 0.77334 1.64916 1.19938
2.82431 0.85271 -1.85617 0.28453 -7.30570
-0.06822 0.00145 0.70539 -3.37706 -0.69731
0.25638 -0.19545 -0.24202 1.66912 -0.63486
-2.77285 -0.31802 0.92141 1.45307 2.32986
-2.54277 0.98002 1.04140 3.46337 -0.01595
2.35023 1.81849 0.82751 -1.29956 -3.12587
-1.15973 -2.36239 4.60026 -1.80664 3.68858
-2.54340 2.01988 -1.67675 1.81630 -0.51595
-1.10230 3.90680 1.21613 2.99844 -6.67487
-1.23272 -5.99742 -1.68629 -3.14852 6.38974
-4.79414 0.41388 0.99075 1.05102 -1.93270
-0.19644 -2.07857 1.02119 -5.54647 4.54500
3.19808 2.03659 1.24173 -0.11725 -0.56569
-0.06642 4.20909 1.21042 3.34175 -2.28032
2.45663 -0.90739 2.84830 -0.56425 2.41059
-2.46825 -3.73054 -1.73344 2.31398 2.27557
-2.61225 -5.93575 -1.69854 -2.35379 6.35431
-0.47085 -2.06242 0.31849 -3.30053 4.82622
-0.99294 -2.35348 2.86010 0.35492 2.63138
1.70172 -2.36389 -1.11770 -3.93976 2.62108
4.09696 -1.34406 0.25207 -1.02822 1.89252
-1.40679 2.07178 1.37627 -1.77168 -3.92095
-2.39529 -4.78188 -0.05349 -6.29258 8.68958
-0.78016 -3.81176 -1.47716 -2.35351 5.48135
-2.47800 -2.16676 -0.32555 1.39296 5.02577
-3.14675 -2.46627 -2.26754 -0.34055 2.77815
0.36948 -1.33485 2.31387 -3.60625 0.11868
0.30352 1.22479 -2.04429 2.65345 -0.02954
0.66837 -0.65000 0.72270 -0.73613 -0.07793
-1.22519 -1.16786 1.77007 -1.35287 -2.52923
0.07885 1.05934 2.84379 1.70313 -0.39504
-0.11747 -1.16231 1.56326 -2.48744 0.36241
0.60607 1.56990 -1.26160 -0.25101 -5.91480
-0.88475 -1.85516 1.04360 -1.01896 1.41010
0.79642 -0.35880 1.83172 0.13244 4.37623
-0.01940 2.15965 -0.83182 -0.12200 -2.32843
-0.65228 1.68344 -2.21238 1.02710 -2.28843
-4.80419 -1.63895 0.37608 0.69143 -0.04566
-2.21800 -0.28357 -0.87619 -0.66361 -3.74616
0.36899 -2.26448 0.75917 -1.65214 5.99330
-1.75029 -1.42968 -2.68168 0.67340 0.61364
1.58816 1.99832 -2.62367 0.02792 -4.89111
-0.80901 2.06856 -3.39677 2.32547 -4.24950
-0.93655 -1.22273 -1.52338 1.39887 0.73934
1.40511 1.52674 -2.95322 2.85877 -2.77471
-0.40982 0.78409 2.55136 1.75887 1.35752
1.71735 0.62987 0.03909 -1.73643 1.76144
-1.69644 1.10970 -0.94820 2.27880 -0.68203
0.95279 -2.70706 -1.86042 1.15474 4.34205
-2.53256 2.76711 -1.28577 3.14039 -4.44113
-0.55688 -4.18082 -1.61671 -0.51696 3.43275
-0.62518 -0.73683 0.37298 0.36632 1.95900
-2.39190 -0.87806 2.36833 -0.42730 2.22527
2.10352 -1.16496 0.07966 -2.67690 5.28812
-0.07683 2.72959 0.20116 2.19778 -5.87927
0.83437 -0.66309 -0.76469 -1.55143 1.22733
0.96355 0.22960 3.34631 -1.04327 0.28217
-0.51123 1.71288 -1.68893 2.94749 0.00018
-2.57128 2.18208 -2.31917 -0.23558 -6.77775
-2.48650 1.65068 -3.20717 1.50299 -5.13163
-3.50483 -0.48886 1.31840 1.80853 -2.14161
0.61564 -2.10008 3.33540 -2.13402 4.31755
-0.68662 -0.47363 0.32521 0.19892 -1.57760
-0.89701 0.32129 0.65845 1.75335 3.46958
-1.03079 -0.70984 1.69092 -0.60480 1.61577
4.02912 -1.37312 1.06221 0.97371 4.79891
0.03614 1.53749 -0.50373 -1.84983 -6.47107
0.58193 -1.90965 1.41830 -0.69782 -1.36142
-0.30526 1.47786 -0.10858 1.62973 -1.01026
2.04577 0.90951 -2.60487 0.60046 -1.51209
0.59053 1.10666 -0.84375 1.81269 -4.69342
0.47450 -1.77313 -1.85790 0.02760 5.58409
-2.17998 -1.90473 3.77304 -1.47631 3.26066
0.39952 2.26513 -5.36555 4.58715 -4.21850
1.49982 -0.15207 -1.68194 3.73820 0.98304
1.77404 1.81629 -1.22384 -0.43256 -3.96159
0.47373 0.06222 -0.23792 -0.58446 -0.07008
0.67114 -0.35311 0.54691 -0.11856 -0.13127
-1.17995 0.54450 2.08015 0.08516 -0.19160
-2.34335 -2.93808 1.62356 0.25861 7.30694
2.07381 -1.37073 1.80409 -6.52455 3.28909
3.00524 0.34797 -0.30877 -1.85324 3.06626
1.08502 -0.00419 0.83453 2.42170 6.25691
0.25064 0.71724 -1.41574 0.52932 -1.78479
0.87310 -0.01583 -1.88927 3.17061 -2.31569
-0.68492 -0.82663 1.92228 -1.51081 0.54911
-1.12849 1.09790 1.88170 3.08935 -1.39957
-2.43535 -2.01638 3.97919 -0.69009 3.31686
-0.75519 -0.82972 -1.99529 1.23178 -4.10031
0.40416 -2.47915 2.34950 -2.28451 7.58518
-0.14191 2.92564 -5.18593 4.20506 -2.01187
-1.41768 2.72936 3.66708 1.96516 0.09873
-0.79300 -1.80697 -2.65536 -2.33399 -1.82194
-0.52806 1.30562 -2.63178 3.01182 -2.61148
0.47895 0.99617 -2.08706 -0.01287 -2.81478
2.58534 2.44275 0.87193 -1.95838 -5.07456
1.27114 3.27964 1.37029 -1.78215 -8.11847
0.07415 -1.02159 1.34177 -1.15775 1.49343
2.57014 -0.45271 -3.07009 -1.19669 -2.62134
-0.19715 -0.14995 -0.40667 -1.54720 -3.53679
-0.02165 0.71392 0.30623 1.60891 -2.19813
1.36030 0.63187 2.03026 -1.55080 -0.01823
0.90756 1.03029 -1.55715 0.25926 -4.63052
-0.52594 0.69355 0.33990 2.20756 -2.20202
-2.15025 -0.55548 -0.11403 3.08274 -1.18246
-2.34344 -3.05795 -2.54904 2.37762 0.57933
0.61277 2.53662 -0.34366 -0.94729 -2.15451
-0.02822 -1.75355 0.89015 -2.41816 -1.12965
0.29896 0.28277 -0.15519 1.61406 -2.37771
0.78999 0.85255 -1.62604 0.33879 -0.99744
2.28666 -2.15099 2.04908 -4.30918 3.75950
3.95629 1.48177 3.40395 -4.77949 1.84205
2.10027 2.79446 -0.53095 2.85552 -7.90877
-0.22872 -3.15305 4.89558 -3.17550 1.57451
-4.04301 0.08442 -2.50109 0.13405 -2.97271
1.41958 1.42470 -1.32085 -1.43901 2.69445
2.26247 1.55738 -3.44741 1.74911 -0.91975
0.57703 1.31425 -1.45155 2.38557 4.38766
0.87451 -0.00390 0.27601 -0.61521 -0.89893
0.96006 -1.54853 -1.15344 0.37554 3.18280
0.35529 -2.11412 3.62824 -2.80503 3.77229
1.13310 -1.35490 -5.74734 -1.07782 -1.94208
0.27328 2.27169 3.16460 -0.49219 0.84403
-0.61200 -2.18077 0.99436 -2.91748 5.22474
-1.37298 0.11767 5.65382 -3.49795 3.72286
-1.32919 0.23483 1.01292 -2.10177 -0.54664
-0.19076 -0.50804 0.54249 -1.17410 -1.78684
-1.76089 -2.86374 1.20202 -2.16453 6.99496
2.18165 0.91405 -0.31061 -2.89456 3.80695
0.24022 -0.52252 -0.37179 -1.32214 -0.24285
-0.48296 4.08072 1.44024 2.72511 -0.93428
0.50900 -0.60265 2.03221 -1.38169 3.81079
-3.10515 0.27482 0.80703 -1.73376 -4.02284
-0.47715 0.49141 -1.03935 2.57001 -2.01383
0.52030 1.06159 -1.38634 1.55010 -0.53233
0.08015 -0.54663 0.56101 -1.47677 -1.42818
3.06286 3.41368 -1.59459 1.54401 1.33416
-2.44319 -0.56127 2.82158 -2.84547 -1.38589
0.79442 2.71684 -4.24276 4.63446 1.39762
0.46125 1.11120 -0.27304 -1.92065 -0.54439
1.07008 0.26020 -1.64489 -0.40464 1.48229
-3.71889 -0.21692 1.15303 4.21138 0.69469
4.48984 2.82124 -0.93303 0.68451 -4.92865
0.22034 0.58066 -1.84086 2.70923 0.95603
-0.89338 -0.49157 0.48296 -0.80406 -0.45704
1.74082 1.20366 -1.52680 -1.80394 -7.93552
-1.09477 -2.70783 5.98581 -2.19546 7.19888
-1.00011 -0.07154 1.08503 0.76992 0.97779
-1.22741 -0.46352 0.45376 -2.35556 -4.52007
1.05089 -2.45107 4.29957 -3.59963 3.40370
-3.00767 0.58800 2.16813 7.62818 1.57729
2.24729 1.36215 -3.72403 2.32522 -2.25722
-0.07222 -2.09953 -1.23501 -1.37806 3.55460
-0.80088 1.56575 -2.86987 2.46659 -1.66628
-0.40238 1.68064 -2.68510 2.56548 -1.84825
-1.81028 -2.46419 0.42485 -2.06235 3.46264
1.91838 0.07374 -0.94220 -0.47501 0.10778
-0.89775 -0.37397 1.28000 -0.99544 -1.80376
1.50421 1.19798 -1.52342 1.02075 -8.18492
-3.23194 0.86561 -1.55429 -0.70767 -5.93636
0.40280 1.01771 1.90798 2.43513 1.94686
1.82549 1.52229 -1.63022 0.41634 2.06039
0.17986 1.02641 1.86791 -1.42098 0.57651
-1.49218 -3.72443 -0.71578 -2.25660 5.25412
-0.32927 3.58642 4.14018 1.24106 0.27686
3.93416 -3.04125 1.16697 -5.54828 6.81642
-1.53162 4.22905 3.53057 2.80015 1.02818
-1.08791 2.34529 2.78832 -0.78084 -4.75391
1.22612 -0.38255 -0.18746 1.11579 0.98848
3.00669 -0.35854 0.76631 -1.33777 0.96181
2.59099 0.47374 -0.45085 -1.87233 -3.14976
2.35594 -0.25173 -5.15529 1.40208 -6.81114
1.28987 -2.17349 2.87956 -2.23804 1.48520
0.89492 -1.87037 1.36204 -1.14311 2.10453
1.02360 -1.13344 1.81093 -1.39889 4.12243
1.82560 0.55326 -2.28716 2.21675 -4.07441
-1.58582 -3.80060 -0.07424 -0.61002 4.64270
-0.17566 1.25703 0.68116 3.12015 -0.94770
-2.06599 -3.23569 -1.70245 -1.34796 1.20605
-2.02551 0.30025 -0.18103 -2.26636 -4.18661
0.80376 1.62380 1.24906 1.84338 0.88950
-0.65068 0.45956 -0.71775 -3.40011 -1.17755
-4.45059 -5.27741 -5.74558 -1.47288 4.16448
1.03431 0.90853 -2.76937 4.02781 -0.43567
3.34267 2.67458 0.62347 1.17505 -6.60668
-0.09859 -0.84930 1.88833 -3.81001 0.39864
1.57835 0.58682 1.70549 -1.66980 4.13749
-2.12340 0.92937 -1.43066 1.68031 1.12064
-1.43640 -2.19601 2.77037 0.26037 8.53868
-0.89421 4.68340 0.30280 2.93593 -5.04198
2.18207 1.19371 0.53893 -2.15308 0.32730
0.84916 -0.77818 -0.61084 -0.97758 3.62368
-3.96681 -1.70248 0.04338 -0.48705 -1.79779
2.47117 1.85932 -3.59682 1.29446 -2.06231
2.01913 6.43241 0.57193 0.83458 -9.57908
-0.47504 0.02458 -0.38567 -0.85459 -3.69767
0.47354 1.00584 5.13606 -2.41849 4.72841
-1.35705 -2.96546 1.17336 0.11048 7.75854
-0.77125 0.59166 -1.40410 -0.32132 -2.87289
-1.68370 -0.33629 1.52988 -1.04993 -0.55808
0.64078 -2.86865 2.19502 -0.44038 6.49952
-3.42084 -3.24144 1.48776 0.47583 7.98616
-0.35803 -1.04189 1.22364 -1.49131 -0.66744
2.27171 1.98225 -3.40120 0.84227 -1.55649
2.81386 1.25004 -0.83139 -0.64126 -3.49070
0.99710 1.82201 -3.10129 -0.74229 -1.77421
1.58354 0.42973 -0.49380 -0.41448 2.43616
