-13.28033 3.97585 7.40659 -14.40676 0.20838 2.00689 -3.40268 -8.21763 0.97046 -4.11685 5.15088 5.33773 2.73531 -9.44184 -5.37631 0.33934 11.61480 18.14347 -6.73941 -8.66893 6.93488 0.45325 4.61527 -0.09078 8.92277 9.64334 -0.15005 -10.53028 -13.02914 -4.20727 -8.58470 -1.84016 2.78092 5.82943 -4.16985 10.17852 -2.05528 -7.93229 -8.67454 -5.63901 2.75903 -3.93339 2.05724 -7.08632 -12.81441 6.73435 11.41182 9.39079 8.55496 2.77818
-0.30522 -8.97710 11.74202 -0.56832 -12.18393 1.29983 -4.47600 -6.55479 -5.06802 4.43671 0.83312 12.88989 5.69765 3.92964 -7.87031 5.95358 -8.03448 0.49453 1.67288 -0.85506 -3.71479 -0.87807 4.56445 5.25542 -8.95728 -2.96778 7.54353 7.93022 0.44407 -10.28348 -1.63147 11.78382 4.10383 -7.30400 -7.47120 -3.68759 -4.03184 9.91806 -10.41270 2.97737 -8.66976 0.62272 -4.81000 -2.90202 2.45150 3.91867 0.45421 -24.72524 7.33003 8.05294
9.52716 -5.49895 4.64043 -8.04982 3.59527 -1.46233 -6.10486 11.07330 10.43060 14.03291 6.60056 0.95634 1.98046 -8.18057 2.63374 -1.36073 -11.48786 -8.66112 -1.59277 -0.94143 -2.99320 -6.44368 4.19450 13.00886 13.26037 -6.26537 -3.08098 5.30701 7.93755 0.67368 9.15303 -11.97385 2.06879 -12.05261 -1.27036 11.92635 6.20081 -2.78047 9.62746 9.59288 -10.11392 5.28801 2.83123 0.76141 1.38206 11.07930 0.94948 -0.01078 2.25946 -0.22753
6.58894 -1.52825 -3.80265 -11.82356 -3.19684 12.41607 2.03780 4.53290 0.99218 -9.04313 6.54825 6.12619 -9.97749 -6.79449 5.85054 -5.41602 -6.00287 -2.11168 -11.07367 -5.38680 7.35358 10.50405 -11.46445 -9.88703 3.23437 1.18939 -9.18543 6.66038 4.32070 -7.83857 0.61969 9.89646 10.42155 4.68563 -2.28057 0.97334 -0.41138 5.34588 3.93479 -7.78847 3.46944 2.15804 16.00431 -7.03014 -5.17929 10.79380 -2.75417 -3.43151 6.74755 -14.88787
-15.82550 6.74323 10.80277 9.51712 -5.61996 15.17510 -1.87723 1.63806 -5.48419 2.80403 5.10022 -1.38285 -3.14464 10.10341 -6.42398 2.95599 -6.87232 16.05703 -2.72400 -7.00053 8.50971 -15.00735 8.02053 -16.66275 4.32777 6.10879 -7.00102 4.15145 -0.60263 -1.91948 17.70643 -3.58052 1.07501 -2.51700 -5.30901 -1.67478 -1.43276 14.27693 -12.87385 -0.68781 4.11854 -5.90158 4.30461 6.60034 3.18434 -4.21110 -0.00509 -9.07035 14.20650 -8.24188
-8.32770 -0.68984 5.38186 -4.52876 3.94317 -6.83302 0.57167 -15.95492 -1.91824 2.36584 -7.82915 -1.13087 10.26708 -5.58486 -7.49297 1.19018 4.24274 -4.86286 6.13912 -0.73555 -11.77643 7.89563 -7.83402 8.17580 5.40237 1.67358 -9.37367 8.00045 -0.30569 -4.42183 6.54724 9.67336 2.41396 3.53431 4.69409 1.05367 1.59184 0.16713 -5.96083 -9.77384 3.86849 10.78015 -1.87689 -0.69607 4.10624 -2.39830 3.52554 -0.14280 1.97381 -6.78305
-10.99212 -4.59367 6.41810 7.32093 8.79241 5.17988 14.10477 -2.67287 6.09489 11.90246 5.59918 3.31125 8.07723 -8.96238 -10.60362 0.68580 -14.34337 -6.85511 3.38212 1.79789 -3.99315 -7.74090 -10.49271 3.37594 -8.00971 -4.47920 5.57537 -3.89820 2.09150 5.65550 -0.81067 -1.20925 5.89976 4.82492 -10.81518 -2.42908 -6.93351 -2.58262 2.59202 -1.27797 -11.23365 -0.68126 -4.07442 -23.24863 10.07456 4.30158 1.06917 -12.74589 9.58468 -6.43463
3.38553 13.73548 -3.01776 0.29432 -1.18023 -0.00325 2.69261 -13.51557 2.11262 -15.12294 -2.82202 4.95207 -1.89352 3.62716 8.06165 4.26702 2.71920 -4.50762 2.67010 7.94906 2.10946 -15.57835 -8.22418 -1.91847 4.28851 3.01168 -1.74277 -18.02685 4.23985 -10.96730 1.57383 -10.24850 -3.47719 -2.54675 3.51123 -8.51068 3.13998 -0.98862 1.60157 -2.65613 -2.88721 -9.45169 -12.50524 -2.61412 -7.00135 -2.30873 4.94646 9.28790 -0.56073 6.37025
4.48988 8.97687 0.99240 7.14064 -12.48418 -9.70902 8.38416 -2.65547 -3.87104 2.81705 -1.20926 0.12410 -1.56924 0.29432 2.58916 3.34667 4.66946 -10.22104 10.21049 -4.37568 11.22418 0.72974 -0.50824 8.10295 3.50999 5.82902 -16.83371 -0.74666 5.31129 1.83648 1.15903 -10.99540 -6.74243 -10.70011 -7.80683 4.08573 -4.21334 13.11197 -0.71323 1.53103 2.38721 -9.21172 0.34299 -0.16213 14.51348 -4.08332 0.85206 -9.40081 -5.45907 6.43439
-3.42848 9.20641 0.34373 -10.08158 7.38157 -10.07250 -7.85332 -1.78239 3.79150 0.95947 1.77511 -5.66370 3.40377 3.97424 1.88913 -11.83094 12.67004 2.88661 4.58554 -2.20203 0.15731 -8.05804 -4.85346 1.14262 10.81303 -6.09516 -14.95353 4.60922 5.84960 15.06495 5.02500 -4.48736 3.82208 7.18497 16.57402 0.69854 7.48876 4.37926 2.63500 -0.52651 8.79464 4.80244 -4.00002 19.65062 3.23252 5.45941 -12.57930 0.70448 -2.77150 -6.34821
-0.98801 0.85542 -4.24566 -5.88563 -3.55521 -3.40420 2.62638 -7.65845 -8.66014 -0.17027 0.66880 11.68774 -8.24855 -0.59305 -3.83612 -8.15054 14.18373 9.08418 4.09477 5.24569 -7.31641 -1.95534 5.09986 1.21145 4.92814 8.76538 0.06176 1.45193 -4.81129 -6.79064 17.01914 0.78645 -12.10498 -17.35238 -10.20876 -2.24222 -15.79350 4.99423 -7.71888 -11.84604 0.69427 1.60132 13.26931 1.63274 -5.37378 4.25071 -5.56293 -15.22599 -0.82131 -0.39399
8.88775 -9.42308 -7.29079 -1.67771 3.28044 2.55913 4.31961 -7.72434 1.99997 15.60405 6.04927 0.59635 0.63934 -0.34307 13.35631 -6.94620 -21.51392 -4.90619 -9.44934 -11.19704 6.52925 -8.88160 2.39489 4.75445 -6.21582 -10.86935 7.30405 12.71574 -3.90747 3.67983 -2.68765 6.90964 -15.11673 -10.08481 0.59473 1.61007 12.36667 10.78532 -6.01311 -11.12301 -9.12959 -3.01922 2.91912 -2.99735 4.78205 -6.05180 -6.80245 -15.53702 10.04246 -11.67372
13.32281 -1.67787 4.57346 4.64277 -21.61869 -8.11789 -10.60351 -0.81830 -5.61172 -4.02607 11.43502 -9.23350 -7.66398 3.53889 4.95303 0.91241 2.80056 8.83780 -2.08023 -1.47343 -14.57376 5.95934 8.94408 -5.99736 -0.60401 -1.11834 -6.61351 -4.50831 -9.64213 -17.86616 -5.54034 9.37157 0.57017 -6.20890 2.28755 3.22425 12.51460 1.11111 -23.28831 10.28964 5.40089 -6.97990 4.77738 0.53549 -6.72444 12.15064 8.82017 -12.20814 13.54283 1.95415
0.42255 4.86832 -6.59070 0.24094 -3.22632 3.15813 8.54754 -4.62266 -17.64511 13.52667 0.87808 1.23258 1.10348 1.96237 -7.99559 10.28115 -5.28665 12.21415 -2.90005 3.39858 6.85232 0.46337 6.88192 5.68825 4.89705 6.53151 6.25764 3.49634 -5.90215 -11.45842 4.36437 0.05204 -7.25032 -1.49958 -0.65137 0.18452 6.27067 -2.70695 0.63358 2.12507 -4.67824 1.15540 4.09151 -0.39891 -2.49170 9.12639 -4.83401 5.64358 3.45507 -11.08802
-5.63889 -4.77506 9.32315 2.71210 4.87700 12.84890 0.27858 5.62121 0.46113 -5.53092 0.07654 1.51967 9.77286 3.04070 5.30705 -2.29645 -7.37413 -0.12568 -2.44517 -1.94635 5.38927 1.48144 -4.76145 -2.01576 -12.91163 4.24714 -1.67469 -0.21932 15.30493 -3.93300 2.37139 -0.05190 -9.72414 12.69852 -4.48287 11.43536 -8.58761 8.97972 -0.54498 6.31194 5.29420 1.36384 0.95577 -3.04323 -1.02337 3.30731 -2.06599 -5.22138 1.90309 1.49668
6.78531 -4.73476 -3.38563 -9.88580 6.87576 2.97104 -0.55132 2.51796 -5.89241 -12.23835 6.85423 -6.34976 -5.78021 -11.73131 -4.92127 8.73673 -0.24739 -4.29890 3.71030 -11.17173 6.92382 -7.67751 -7.72949 2.35001 2.93068 -0.90837 -1.53643 -2.24934 5.11496 -3.50257 -3.31501 -14.77740 9.72258 -0.19181 -3.06638 -3.65137 -14.22090 4.37565 4.26442 -0.97027 -8.59385 2.21028 -8.98040 -4.00916 5.63706 1.24147 5.11523 -3.96548 -8.41867 -4.57663
-1.54691 -6.94366 -4.46294 -0.28927 5.35789 -3.33537 5.91286 3.52402 0.03510 14.67079 1.45108 2.30703 18.61315 6.22714 0.77572 0.63562 -8.42971 -8.17863 5.45623 3.89365 12.61790 3.55867 -9.46393 10.88425 -7.59542 -9.70104 0.48230 -7.76103 9.04185 -3.16307 -5.61194 -7.08173 2.45260 16.05438 13.44974 -1.28996 -1.87411 -1.78533 16.81340 -1.75851 -11.04280 3.64208 -13.38190 8.62209 10.10929 9.33217 7.21573 -11.61469 1.09611 -9.13483
1.88586 -14.14775 10.09818 2.05611 -0.53510 7.17667 -5.42465 -1.52107 -10.04696 8.17139 -7.72866 1.63191 -7.52632 0.70534 1.22167 -4.90895 -10.44331 0.10911 -2.20789 -2.63199 6.39367 -5.42264 -2.75166 -9.23894 -3.86161 -7.25970 -0.02292 -12.70361 -0.87325 -4.95885 1.81214 8.49436 0.99095 13.37320 5.47683 -2.13141 7.23011 2.95339 13.82953 -3.48013 -9.67557 6.97208 -7.67477 -11.06119 4.41412 -11.03374 -10.97134 -0.33270 -15.12658 -4.81226
-9.69033 5.85480 3.13335 -2.76089 0.09304 3.72047 2.81948 6.21531 -3.17965 -8.96544 -1.62085 2.97918 6.25662 2.53108 2.42138 -6.39364 8.07258 3.07931 -7.45588 -0.95574 2.61718 -13.12450 5.38871 -6.15987 -4.16461 -0.38210 -7.66124 2.50563 5.29410 11.10078 6.19024 -5.06960 -4.75778 5.61728 7.37864 8.25355 -2.00765 6.26978 3.95294 4.45359 -4.04333 -2.02646 -0.19979 0.91531 8.49093 7.30095 4.05123 6.31469 -8.30538 11.02252
-3.39794 -0.51701 4.35223 4.47208 -1.02208 12.16003 3.94385 -8.97746 9.45848 2.86158 7.83426 -8.78320 -2.45822 3.85153 -3.62400 3.21725 2.99234 10.61307 2.69765 -13.01350 9.55274 -5.32880 6.71616 -4.03977 3.68838 1.67219 17.50716 1.30782 -20.78942 9.80794 -12.45162 -5.73016 -3.74971 9.30121 -7.90960 2.43771 2.25108 -4.32710 -10.73416 1.55796 6.78506 -3.40331 -12.57860 3.78788 -6.67701 -6.79483 8.77534 3.03370 -7.63714 5.77720
-9.17156 4.57586 -6.80867 3.48321 -9.20208 -1.55610 -2.29116 -5.14382 1.48264 -4.34500 12.80235 -2.77222 -1.80150 -7.84413 -0.94043 -2.85234 -4.73151 0.81745 17.09700 6.33659 -6.53063 -0.56896 -7.59492 -0.14935 6.51470 0.38283 11.63468 6.25641 1.10962 -1.90400 5.07252 -10.75829 -2.51172 4.87339 -4.25281 -4.70270 10.41575 -13.70900 0.18430 1.66597 10.43609 -3.16152 -1.39435 8.25965 -10.83059 -7.83554 4.30928 -8.59810 -2.22964 -2.16052
-0.48015 -6.62193 -8.57634 6.38836 -0.66207 1.51614 4.43927 -1.79100 -7.64442 -4.36767 8.88060 -0.20886 -7.83208 -14.59145 -10.56335 1.27206 -10.27429 1.53666 6.66769 1.08760 2.73548 -4.61354 -10.36920 3.94423 6.16323 -2.17637 6.94302 13.99264 -11.05613 1.18401 -3.81148 4.69761 -5.30962 -6.86489 -7.93241 -6.34239 0.06310 -6.98002 3.87537 2.56868 -2.16048 -3.21326 -3.42120 -6.63577 8.26975 1.32879 14.51288 -6.67776 8.76422 0.27592
-1.09718 -3.88821 -6.95436 -0.70641 7.35649 5.31479 -2.61406 4.87465 -1.76601 -10.30981 -4.67212 -4.56455 -0.94673 -2.64396 -2.59780 -0.01909 1.57697 3.80083 -7.99964 -5.04748 20.41297 4.91818 10.86467 -4.39911 2.66207 -11.77267 -4.16640 12.32281 -8.90883 3.81010 -0.31140 4.29635 -1.87448 -1.38247 9.97371 -8.07524 0.74242 8.94579 3.22874 -0.36434 -0.62716 1.78283 4.98827 2.82437 4.65605 -1.14882 -0.09592 -0.39572 12.19651 0.21583
1.40151 -3.97216 16.83598 10.06521 -5.84919 -1.00837 -8.76403 1.73732 13.86829 0.63193 -5.41583 3.09257 1.12464 5.28879 -1.82861 -9.26916 16.64638 -4.54673 5.02459 -4.87228 -7.69578 1.57436 10.09787 7.21394 0.14113 -5.79888 -8.19121 -5.11467 -1.87463 0.69153 -1.27870 11.50445 -8.00574 -19.00899 0.53343 -4.30210 -5.01397 -7.08668 -14.67312 10.55927 1.97269 14.00612 -0.64053 18.42866 6.21277 5.34655 -3.57551 2.78450 -3.60746 -1.33676
15.69560 -14.78699 9.62073 -13.67220 -4.63928 -3.56580 3.26163 -1.86355 -2.12227 -9.69626 11.46166 -1.38180 -5.68131 -18.18346 3.05377 1.63485 1.56678 -0.57910 3.10849 -1.41907 -1.26907 -11.32480 0.69536 7.96357 -12.98241 2.18570 -6.20081 -3.93976 6.66932 1.90916 9.12520 0.35188 -6.87434 -6.07301 -5.55608 19.70085 3.65733 -4.84928 7.85387 6.40115 -0.39084 -11.29077 6.94243 4.44493 10.66761 -1.70854 3.12903 -4.50715 13.70092 -2.21115
-7.53964 8.40000 5.84464 -2.10047 -10.12320 0.69926 -0.20594 -7.92433 5.35794 -4.87808 -8.33927 1.99652 4.07764 2.10262 2.43520 4.16254 -1.90193 -4.05633 13.04408 -8.06766 2.28953 2.02861 -6.35354 -7.30277 4.86745 -0.46631 -9.57493 3.01851 4.25066 -12.95337 4.06231 -4.33180 4.81692 -4.65184 -0.88448 -10.02790 2.14255 0.63988 -6.30612 6.76450 9.10498 -3.71150 -0.06775 7.64493 1.51053 -3.22406 -13.98790 -10.83133 -3.31121 5.76069
-12.87979 5.18713 0.26534 -4.34040 -1.23253 9.42645 -2.00941 -3.24703 6.29499 -3.00195 -1.91843 3.73726 5.42998 1.21464 3.45183 -0.88414 3.26993 3.24635 9.32446 -2.99693 1.50404 10.31002 -4.83695 -8.32263 -13.21051 3.91271 6.07230 15.43392 -9.17243 1.31547 2.76865 8.21280 4.36726 -16.68966 2.63525 -12.38453 -4.11460 -3.94872 -9.15002 2.85596 12.19705 3.93755 -2.61527 -2.26377 -9.82941 8.41222 1.94491 -14.66889 7.09920 -9.47023
5.61349 -6.36543 3.95677 16.77736 -9.01730 2.37201 9.82826 4.69378 -4.92258 -2.76181 -5.09959 5.46647 3.29128 3.62937 -15.81802 -0.45970 4.58231 6.96247 -10.59339 -10.50940 1.30404 1.07704 1.52137 3.35632 -7.18594 -2.22546 -5.20374 -0.38023 6.84799 4.03762 -10.15892 1.02575 3.31238 -0.96304 0.38993 15.31290 -0.65128 1.68976 4.78990 8.15935 -1.81601 4.81349 3.17301 2.30750 15.67840 3.36995 19.22568 8.46422 1.38407 -3.67224
7.93163 5.41994 2.20318 -2.98058 -3.53376 -20.48802 -1.59238 5.28848 11.22936 2.08010 3.14707 4.40072 -4.91234 -4.66522 -2.95621 3.30076 18.47265 6.10663 -11.47728 -0.71371 1.90158 -9.52177 12.24708 13.92669 -6.71053 -2.14240 5.01210 5.43126 -6.51739 8.15011 -6.67883 -1.21304 -2.80048 0.84460 -2.79100 13.62044 1.11153 5.44821 -15.00560 -3.73886 6.81440 3.86171 -4.87034 5.49224 4.68030 0.04557 1.06108 2.88402 -3.77171 -0.96978
-4.67041 7.13447 -4.10034 -4.91578 -8.16260 1.74666 3.73900 5.82177 -8.93716 0.49951 13.05160 -6.53436 -3.37440 -3.80841 -0.32752 3.28613 1.72848 5.60702 3.15331 -1.47668 -4.71940 -1.26708 -1.12653 -7.96570 1.66957 5.47045 -0.77478 11.21357 -1.03062 -3.23581 9.67891 -7.97966 -8.95228 -3.46909 -5.92240 -0.86570 1.16930 -1.52313 -5.79007 5.57508 0.14521 -6.57993 14.96960 6.78412 -6.56247 3.09397 -2.59056 -7.34912 -4.11885 -4.88753
0.26055 4.23854 -4.24320 -12.71760 8.90539 -1.10409 4.47721 -5.76039 -0.65718 8.94263 0.28949 -7.21403 9.88719 -8.17487 3.55857 1.51276 -6.85359 -5.72755 15.07791 -1.46320 -5.40455 0.24216 -2.55624 7.85735 10.99652 3.80421 -6.56724 3.95957 5.32217 -10.00458 12.38508 1.61710 -5.76402 0.25863 -5.64767 -6.08490 -4.72159 -9.47248 2.03966 2.24689 -4.43471 0.22087 8.34412 15.20302 -9.68599 5.63495 1.23684 -4.68453 -7.38158 0.21014
-1.95033 -4.17669 3.59836 -0.74433 -15.42540 4.78960 -9.92684 -10.47368 -5.81923 6.39113 -6.20409 -1.44506 0.99897 -12.73927 -4.65341 -0.22094 1.47538 -0.86897 7.91009 7.78629 -24.15409 -5.42376 -3.99497 7.75203 6.59606 -13.55824 -1.79394 -5.57245 9.35149 4.42696 2.15900 10.54759 15.41725 -6.50166 -5.99827 -7.54626 -1.38805 -1.62231 -3.66493 0.81922 -4.78675 2.51826 -14.88562 -3.00701 -2.59311 9.55513 14.31765 -8.93615 9.23478 -7.50015
8.44828 -8.03196 -2.79275 17.25088 -2.31082 2.23212 7.39484 8.20051 -0.93405 8.25482 0.78666 -8.95235 1.46487 -17.06685 -1.69656 -1.09527 4.42285 -0.16005 -8.70219 -11.59819 6.23054 8.15907 6.38905 -3.90505 -6.27655 -8.44018 -2.05650 2.07908 -2.09932 -6.44097 -3.90499 2.60928 -3.27886 -5.66362 8.59979 3.44613 -6.94093 1.88671 4.86449 5.05602 -6.92427 7.12829 1.68675 -2.38421 15.69069 5.19688 12.23091 18.33071 -6.57683 -4.55385
-0.34711 8.95579 8.47900 10.16368 -1.60822 -16.30069 0.20702 -4.53248 -9.55473 -2.98650 8.56083 -1.76201 -8.84591 0.95492 -5.71282 8.89682 7.27713 -6.04630 7.09792 -10.55188 8.89680 -4.19209 3.88527 -10.90399 5.62647 4.45334 1.54861 -2.65610 -11.38788 5.09062 -8.22746 -4.43471 7.20983 6.03808 1.13024 14.60135 4.72311 3.52871 -3.72785 1.86674 -3.98228 -10.28557 -25.33611 -7.43740 -8.66203 -3.43294 -0.29703 -1.10624 -13.31914 6.99750
-1.40139 3.76104 8.54623 -3.16793 -8.44935 3.97307 9.46211 1.13213 1.80192 4.90290 -1.33231 -3.21152 -1.67395 -0.52945 2.98923 10.54178 -2.61988 1.11362 1.98984 -1.51070 8.90198 -10.40641 2.77712 -0.06134 -2.68719 12.22605 -0.78993 -10.40248 -8.57068 -1.15365 4.15812 -5.24927 -3.63690 -4.11198 -2.78423 -0.60863 -6.03932 2.66835 3.17019 2.87922 4.61175 -8.78570 1.09844 -1.06512 6.68242 -3.66667 2.99445 4.00505 3.93360 5.12472
-11.14344 6.16556 -0.46815 -5.11211 8.70181 5.60594 -9.89669 -16.85786 -9.50573 1.64248 -4.21995 -12.51560 1.38245 -0.47883 9.33933 -1.60654 6.84717 17.03300 8.82959 2.26348 -0.77471 2.33385 8.42073 -2.70396 22.64754 -5.67680 3.01271 -6.70051 4.88788 -12.16896 -11.03712 -6.81386 -7.41123 8.89816 -7.13189 14.56474 -4.03362 2.23347 -4.44381 -13.36768 -3.85471 5.26916 -8.04850 -4.43351 -3.97714 -11.98482 8.79945 18.67534 -10.77586 -0.63165
-6.54087 2.34802 0.47122 4.12263 4.53782 8.12314 6.94209 2.74814 5.55499 -3.32077 3.33998 7.47373 -4.48496 2.41613 -9.75111 -5.10383 7.35396 1.85667 -2.33440 0.68199 4.62904 -4.96155 0.50922 0.03919 -8.66990 9.66831 18.67034 5.16733 -2.17555 18.63604 8.84963 -6.60709 2.77144 -0.37636 -3.19073 4.36278 4.05437 -2.72323 5.47759 1.19398 7.31220 -2.17005 3.29125 -0.81484 -8.93701 -17.41824 -8.71242 7.88386 -13.23315 2.92573
-9.64530 -11.79102 -15.10452 3.96471 0.73809 6.09735 5.88677 9.91333 -3.85024 2.55074 0.95453 -8.42416 0.64696 -12.27732 -9.15939 1.12580 -2.10069 0.81190 15.03689 6.44278 11.00700 -2.75164 -0.81468 0.46646 6.09003 -7.86826 5.91984 11.65748 -4.69234 14.58309 -7.90510 7.44887 4.90962 -0.12246 -5.59560 -1.10996 -2.35886 -5.50055 9.84043 5.47916 3.20774 8.88869 -9.55283 -0.36625 7.14398 11.96853 24.05614 -7.88741 0.25142 -0.11519
8.08274 -11.37704 7.01885 0.91558 11.16434 -2.80199 -5.47201 -1.83477 -7.23324 -4.55450 -0.25163 -11.12262 -6.69425 6.67336 11.07754 -9.20854 -15.97798 -4.64527 -10.95800 -12.99160 8.00759 -7.69052 -5.30414 12.55923 -0.48516 -6.38537 -12.93422 -0.88301 14.46789 -5.62616 13.05140 -5.48161 10.29165 -6.55661 -4.83935 7.17379 -7.34493 2.82777 12.83127 -5.56652 -4.85936 10.41940 12.42672 -0.09860 11.76687 -3.50446 -4.96976 -1.50057 -4.54504 1.04417
6.55468 8.18680 -6.97818 -4.35515 -2.48497 0.07336 -1.96809 -14.42828 -4.12216 -7.42440 5.93685 14.43882 6.95079 -17.31407 5.77904 -9.15722 11.68758 -2.61548 7.73542 1.50654 -9.47636 -5.11920 -19.82661 1.24163 7.85768 7.60675 1.09654 7.95888 -3.76453 4.58868 3.60342 -2.81578 9.73589 -3.08584 4.80251 -5.47855 7.24877 -8.96957 -2.43801 1.90075 7.64409 7.40455 -0.22619 3.02329 -1.81167 -5.78795 -4.54453 5.42469 -6.72975 -2.67785
-13.54005 14.82691 4.81870 1.72985 -7.09562 6.68141 4.79524 2.78122 -1.90554 -2.30558 8.71121 -7.58106 -5.11042 6.41278 -8.56174 1.03721 -0.32053 5.59492 2.29332 -9.59948 -1.73689 5.58177 3.61984 -7.36125 3.26984 12.20982 -2.07602 10.55379 -2.15244 -1.04027 6.67027 0.39799 1.74444 -10.41685 -7.73381 3.38595 -2.72173 -7.74028 -6.70476 0.34651 -0.93713 1.43059 3.23738 2.98105 -3.65917 -14.05354 -0.09644 0.33336 -0.94397 -12.16614
17.23877 -11.47389 -13.69212 -2.69094 -15.33305 -0.12596 6.23445 1.87819 -7.51930 3.59329 -1.49236 -2.19927 13.12858 -4.07560 -2.04817 11.41948 11.42252 -4.30632 5.46684 -8.42551 -9.05530 11.11652 2.57356 -0.67388 -11.05935 9.88057 2.63562 0.47251 -7.56549 -1.30991 1.26976 18.43128 -8.73152 -1.34791 4.22144 -0.54301 -8.09687 -2.59612 1.47375 6.89829 -13.13771 13.73436 -12.10366 3.17667 7.90806 3.72905 -0.70981 4.15155 0.32713 -0.05378
4.14722 -8.76542 -10.16733 -0.31367 -5.66920 -6.60848 4.80647 -2.75326 -0.57610 -5.17219 1.69289 15.52964 14.79103 -3.92388 -1.68417 12.11816 1.93562 -1.61007 -3.09089 3.28076 8.76921 -6.16504 -6.27486 11.93252 -4.48490 -5.77144 7.25578 2.43410 -17.21031 2.83074 -5.89817 0.23548 -4.15853 4.21188 0.29043 0.89414 -4.81615 1.67775 4.22778 2.54849 2.20121 4.59638 -10.36989 4.59056 14.78672 11.71619 -6.66502 -16.73371 7.78849 -0.71713
-4.26447 -6.94946 -12.36901 10.63387 9.44968 2.76292 1.22797 0.21461 -1.75729 7.25820 -11.90951 -9.49233 7.18131 10.17327 5.13922 5.05252 -12.12319 -6.93037 0.68939 0.23125 -4.80230 6.07307 -0.32305 -1.19582 -3.70449 -3.57994 5.54154 -2.97633 4.37546 -9.46122 -4.60090 11.37542 -0.51039 6.91993 13.47338 -1.82435 0.41348 -0.06368 -9.69523 -17.51186 -4.08122 2.94017 -6.00961 -0.90070 -0.01084 0.07410 -10.45977 -11.86559 4.37786 -9.87026
-7.08105 8.39223 -9.98474 -1.52034 0.06570 -9.76180 0.48233 10.39006 4.00430 -14.20495 -3.60737 4.03785 -8.92878 5.99542 -14.72694 1.30926 10.04838 -1.77109 -6.44915 2.29151 7.60239 -10.47058 -4.65945 -5.80826 11.58650 -2.15812 20.13957 3.06824 -16.78663 1.99024 -0.14603 -1.43945 8.93112 -2.28374 5.95500 -4.01286 -12.03784 -4.54331 6.23238 3.27880 18.09965 -5.91813 3.25102 4.42250 -3.69388 -2.07508 1.79272 -10.46016 3.51951 -7.05115
0.90031 -11.82706 12.79958 4.57409 -8.52536 -3.50623 1.09762 3.25817 -5.33298 4.13058 -11.38999 3.50719 13.72497 3.86875 -2.75045 6.80506 0.81689 -9.03246 8.95030 17.66725 -23.66467 5.60770 3.03041 0.86484 -4.14723 0.27969 2.44249 7.61150 11.13259 3.72105 0.65862 5.15638 -5.12731 -3.38139 9.83211 8.52738 11.55518 -2.97698 6.71423 9.58347 3.95169 6.75562 0.08052 6.55919 2.65522 2.36739 -1.90815 -6.97756 11.64670 3.38497
5.48869 -1.63832 -0.76715 -7.16574 -16.09180 -14.46489 -3.33981 6.78519 4.71741 -2.61200 5.87438 -1.84960 -12.66609 -6.75264 -11.16533 3.41011 6.51139 3.90072 1.42683 -2.00748 -2.20330 2.28221 3.69202 6.99248 -4.43403 5.54776 4.95343 9.60928 -8.33806 0.58022 -0.52329 12.53424 -4.35702 -5.35253 -14.04725 14.29850 -11.30134 5.59017 -3.40373 -9.59175 -0.82020 3.47189 4.75299 1.65985 1.45730 -4.40663 -3.16945 -5.49528 -8.73612 10.77577
-9.06574 7.66146 -1.47690 -14.40782 21.57504 7.57819 -3.13034 -8.00784 4.94308 -13.53371 -2.57080 0.17577 -0.44351 -9.78300 12.57713 -12.04723 2.68098 2.30142 5.69628 2.86810 11.15694 16.29967 -11.40961 -7.77717 0.49770 -0.49224 -2.43997 5.80333 -4.38143 5.21988 11.76532 -15.97359 -1.77824 8.74623 4.27734 -15.89758 0.76203 -8.89584 8.30416 -9.56841 2.05860 -6.12690 7.78200 21.37225 -14.11886 -12.27340 -9.45750 11.62855 -9.11559 -5.51347
-4.44370 -9.16084 6.69308 3.94283 -2.43124 6.11623 -2.57503 1.91824 3.16260 -14.85112 0.46416 3.04508 0.24800 -1.46429 -8.25503 -2.58590 2.50890 0.77531 -10.12375 -1.74716 -6.79830 1.19933 -4.49014 4.23847 -11.21991 -4.38495 4.37692 0.06741 -6.73176 5.62868 -4.89852 5.56527 5.61860 9.33012 3.35888 7.83380 -0.44349 -6.91767 -2.85886 -7.13198 6.08400 12.22271 12.46046 6.88509 -4.52225 0.00234 4.84776 -6.17065 10.24828 -2.10277
-0.62778 4.29753 7.90726 3.24884 -4.92952 2.72398 9.17965 -4.68954 -1.49980 -0.43599 5.18736 -13.54481 -5.03155 -4.03787 14.09923 1.54400 -4.01757 -10.43212 0.77579 -11.42861 0.69296 3.66843 2.47766 6.77046 1.89115 10.74188 -12.93811 14.17262 4.94752 -7.39462 6.84354 2.75671 1.23708 5.34415 -4.81819 10.13616 -7.62446 8.29423 -0.83300 -8.69384 5.77352 -1.47082 -2.12534 0.38611 -1.70964 -5.14194 -10.74029 -1.81272 -0.95264 -2.95942
-1.41220 -0.72908 -2.80005 -0.17985 8.48970 0.74098 -1.29460 -13.42306 -3.40267 -4.17768 7.88246 -0.16365 -12.97886 -4.98105 4.29684 1.57269 -13.47259 -4.29025 -6.11694 -11.46530 10.17853 4.41286 -9.27342 -4.67946 -0.19919 0.14780 -2.07775 9.26016 9.39399 -1.13781 -3.57192 -6.90318 10.55846 -6.55197 3.00097 0.36834 -14.41271 17.95466 10.96647 -12.94898 0.61448 5.05706 -6.78769 -0.13805 6.15309 -22.50543 -0.29529 -4.12347 -3.56237 -6.95051
0.28627 -0.84585 8.32085 1.92121 3.31665 -10.02486 -8.97895 5.60976 2.68008 -6.62732 -6.44819 7.06609 0.08954 10.87930 -5.57040 -4.48252 3.98565 2.68863 4.32153 -5.09538 -1.00743 -2.14569 2.86158 -0.05583 6.24679 5.88313 0.35616 -9.11203 -0.56447 -3.55262 5.91321 3.68540 5.79573 -2.88803 2.27331 -1.04922 -1.27363 -5.82939 7.14218 5.82030 3.90322 10.64606 -1.52617 3.05795 -2.26372 -5.04390 -4.94914 -5.94080 -4.30638 4.76369
-3.95813 -0.11441 3.66365 8.14355 -1.96202 1.00005 -0.91342 11.20698 -1.60370 -4.73548 -9.48485 1.32724 -2.59363 7.54139 -3.65934 -1.30597 2.85704 -3.08992 8.68052 0.32924 -10.24399 0.26279 3.02252 3.46177 6.71463 -4.55874 2.30860 0.14097 -9.33132 5.68779 7.29957 8.10164 -5.84886 1.27134 -1.96249 -1.94929 8.41571 -14.83412 -4.31711 13.11088 2.07686 -3.11426 -13.00123 -1.52650 -4.26655 1.46347 -0.03101 9.77705 -3.96899 -5.17138
-9.65455 0.28530 -1.92924 -2.41418 1.65440 0.82870 -7.20127 -1.55249 4.44622 -16.02115 -2.97290 -8.69669 -15.67356 -4.22056 -5.53272 -2.65368 -12.13810 -2.25974 18.77107 -7.15113 -7.94778 9.48541 -7.30247 -8.77023 0.07476 -8.61244 11.53031 15.09476 -7.44060 3.39658 -10.28421 5.93164 3.39188 -7.00479 11.90719 -5.53150 14.47656 -1.40404 4.94397 8.60632 -3.35932 -1.16496 1.44526 -7.61509 6.06725 -23.16426 -5.14998 -2.90212 3.51939 2.29031
-16.40518 -6.39628 -2.92799 12.25419 0.12414 18.57711 -4.10680 -1.68014 1.13317 -12.52825 -0.95204 10.89918 2.69362 6.60280 -1.39261 3.33110 -1.16300 -0.50442 10.22541 0.35055 -4.41144 -11.04310 -5.06424 -8.46370 -10.55831 -4.28577 10.88292 -0.15454 6.66038 8.17254 4.00659 -5.21053 5.44662 -3.17263 7.00860 1.93536 1.10004 4.65780 15.10992 10.29377 -7.98985 3.71656 -10.98106 -0.87773 3.72568 -9.09642 0.83431 -6.87825 4.08129 3.69280
0.55881 -1.02115 -4.76112 7.40142 2.33278 12.69834 -8.16715 -4.20788 7.45172 -14.54629 8.99474 5.83690 0.17761 -14.01885 10.15409 -5.51830 -0.53180 -1.13275 2.70801 3.79276 5.82371 -1.28600 -5.74810 -7.04480 -16.68506 -3.81759 7.30976 -2.04094 4.53888 -5.37585 -2.39017 -5.51699 2.72235 -0.66291 -4.84845 -0.10385 -7.44022 -0.35026 -6.16047 9.77415 4.49385 0.79813 -8.96343 0.53076 -11.16454 -2.61380 1.63083 0.38255 3.95078 3.03420
-5.41209 -12.03609 -4.16360 -10.73433 -8.70293 -2.04123 0.94111 -8.28693 -1.70154 -10.06333 -4.66253 3.34680 12.11872 -10.16469 3.27778 -13.55614 3.74580 -6.18362 3.08717 -3.75049 -3.40925 12.47072 -7.69348 -10.15533 4.89221 -1.69006 -1.21626 -0.40592 16.89637 -6.36999 0.10295 0.01020 -12.59061 2.16076 -5.95928 -1.18292 -3.10603 -1.47740 -5.51038 3.02348 -11.60948 4.73222 0.38071 0.32281 2.67767 7.15716 2.93245 -6.78492 13.50724 10.51648
10.54457 -12.20656 -10.69784 2.31688 -13.76093 -8.74868 -0.69227 4.41907 2.86541 2.25724 -2.85908 6.39386 -7.19010 7.19774 -0.42794 -1.86711 1.96536 -8.49109 6.31715 5.93576 1.94001 6.98753 2.49535 9.64324 -12.43945 2.40639 7.99980 -10.07440 0.31649 -5.00585 2.23381 -1.59482 5.24137 3.01337 3.94546 -3.55930 -1.73610 -13.67018 8.35310 -5.20736 -0.79537 -2.96722 -11.41896 3.14339 -3.93688 -7.60411 -2.39625 -13.27709 -5.03494 20.40669
-0.26823 -4.93066 -1.02829 -0.16625 3.10148 2.64656 3.67750 -13.71650 12.58908 9.51489 -3.40795 -0.09478 -2.18413 4.64740 12.28446 4.61490 -1.57977 -3.78067 -3.29529 -8.05169 0.26896 1.10288 0.13544 -2.27125 -0.16347 -1.66113 -8.97356 14.53453 2.21182 -10.85532 -2.31579 -1.83565 -9.35171 -15.11543 -8.45185 -10.24725 0.54445 10.26099 -3.41145 7.71072 5.82111 7.34691 17.56170 -0.80258 5.30164 -6.48792 -1.21718 -3.04564 8.45099 1.25250
4.56550 6.11394 1.03708 -1.72960 10.35670 -4.69310 -1.93450 -5.10745 9.34224 7.55543 5.23325 -4.19276 -7.15194 6.34189 6.25974 -8.20789 6.32909 -8.01217 2.13086 3.57206 -5.63622 -7.06290 2.56373 6.67177 6.81851 2.14317 -11.17245 -5.59037 7.48822 2.48934 11.81501 4.85845 6.19279 -0.94006 1.56573 5.14142 -2.11627 6.79574 3.43360 -8.91316 -3.96359 1.01758 8.06657 6.87074 -11.56878 4.51933 -9.97678 -12.08205 -6.91248 1.73080
1.43746 5.04173 4.20000 3.25810 -3.58183 6.58985 4.90736 8.48259 -7.50146 1.71018 2.58914 -1.94012 13.10752 0.39481 -8.17161 -2.66525 -3.31593 -1.72531 -6.55619 -9.21552 -4.65094 8.17124 -5.58488 0.90962 3.33351 1.10992 -6.20396 -3.32357 12.06010 8.20746 -5.63095 -1.72132 2.58124 3.85891 8.85479 4.82185 -1.39801 -3.79842 6.67583 10.54277 -8.68806 0.39011 -3.84545 -6.12625 8.82748 3.39080 7.67865 13.20134 -8.03738 -9.62642
-1.54952 13.43336 -1.48981 -12.80009 11.93844 1.64168 10.17270 5.93316 -3.44046 -3.97396 -0.12138 -4.17634 7.27858 3.26376 6.75805 -5.00375 5.24115 -8.75801 3.12398 -1.82545 3.48783 17.28469 5.85950 -1.54438 0.58717 4.16466 -7.07538 -6.75182 12.52099 -0.08863 -1.94279 7.20287 -1.41511 -2.55278 -10.00764 -11.56143 -8.82674 -12.10086 -2.67332 -6.61124 -14.94052 5.04631 3.81133 2.17005 -14.61504 -2.00705 2.85426 9.81040 -10.24226 -1.83533
-6.57077 8.07382 0.42699 -2.79549 11.73644 4.26424 -2.74583 0.75238 2.65346 0.57594 1.99496 6.88460 -5.58961 -1.29564 7.74174 -13.01571 11.56805 12.22928 -5.32878 7.83122 9.10459 -9.88652 8.52259 -3.88087 13.03129 4.02789 -10.70690 -0.18462 -6.65713 10.73512 7.95492 -7.36089 6.66344 1.55241 -2.88887 4.05905 -6.86610 15.63425 -3.46731 -12.45477 2.51998 2.65649 0.19641 3.05591 -0.41648 1.56577 -5.92038 -5.63926 4.11183 -1.85665
-8.99208 -0.90035 -2.90801 -6.04351 4.04814 3.34839 -1.07214 2.60705 -3.70555 3.28561 -1.27529 -0.37304 -1.31777 8.29628 -6.29932 22.27860 -12.80984 6.96035 0.78359 6.10082 3.79130 -6.06972 1.91803 8.23134 5.66181 3.48369 -0.92361 -5.89401 -1.52090 -5.52392 12.01480 -1.18662 -4.41314 1.73284 -9.21349 4.43526 -10.31684 5.53655 -1.15182 -8.31685 -11.75471 -5.13687 1.63019 -6.67075 -0.80621 9.80902 17.89899 -12.35674 13.98584 0.81478
-7.54863 3.96057 -7.88201 -5.74119 -2.39923 14.29482 6.57044 -1.41539 13.51170 -6.12396 4.06968 -8.12469 -11.89197 5.60247 -8.26128 3.74644 3.68605 12.93775 -1.87668 -4.63793 11.10606 1.18316 3.86451 -5.45873 -4.71124 0.18341 13.68547 -7.55942 -11.09739 -6.99917 3.43235 -1.31513 0.14158 7.51253 -8.79605 -3.93545 -2.64523 -0.86928 2.73509 7.82307 6.99141 -2.56458 0.28462 -2.59798 -4.29153 -9.55786 -0.52350 8.60815 -0.96441 -5.99605
1.18954 -3.19218 4.02016 -1.39808 -1.90070 -7.45596 -4.03271 -5.09718 4.88761 21.12457 -19.13006 3.68806 15.05006 1.87076 0.22956 4.85970 -11.57032 -1.68764 -1.28368 12.75471 -6.67098 -0.22262 -0.33363 -0.84494 7.06181 4.76481 6.46228 0.32073 14.27239 -7.76712 -1.50876 -1.36839 -23.09335 -7.28370 9.06210 -2.07891 11.68457 4.76125 1.22920 4.52018 -3.56298 0.60740 4.03295 -4.18907 -2.65195 -7.80231 -11.48737 -22.12293 4.71314 3.92387
-2.73730 -5.70712 -6.46179 -3.43261 9.62735 7.02095 1.22216 0.44352 -1.07203 4.93690 -2.92579 0.18094 -5.74707 -4.72632 -7.76458 -3.92357 -3.41020 4.74260 -4.34476 2.63492 -0.38607 -2.87908 0.24092 6.73523 3.22856 -4.78238 -7.15934 -4.78865 0.40642 6.60728 8.53464 -6.81058 11.75421 2.37112 8.89837 1.48835 -10.06436 -3.99080 7.96711 -6.87400 -9.30233 5.13734 15.19577 -6.25439 -5.33357 5.85695 6.16030 -7.04070 5.89822 -0.66785
-7.26068 -0.49578 12.62213 8.98966 -2.63675 0.75802 4.79287 1.61723 -2.56473 1.91020 1.67009 -8.14616 -7.02843 1.55988 -8.72367 5.36387 -8.13919 -3.22652 -0.08822 -3.94920 -2.81392 1.03246 3.96437 -4.73731 -8.83215 -4.28020 -0.59605 6.58828 3.48093 -9.17212 -3.81517 -0.98261 -1.94643 -8.26651 -6.39206 -2.00001 3.33737 1.05697 -12.21972 6.48844 0.00949 -8.36742 1.12990 4.44224 3.66743 -5.88631 2.40197 3.49206 5.47252 -10.80344
-2.27340 -11.42159 4.60531 9.84413 -11.54441 0.86396 0.86909 5.64107 5.83683 6.50140 0.97336 -3.75901 -12.97325 2.00569 -14.28641 6.86692 -0.18380 -0.03044 -3.03129 -6.86493 -12.68773 9.63633 1.76895 3.00674 -12.15001 2.35463 8.52494 6.75911 -2.31154 5.59324 0.71430 3.78802 4.16256 -2.97591 -4.20043 11.50406 2.07903 4.71932 5.56978 5.38901 -3.60529 3.19175 1.40564 -1.77589 -1.89733 1.61712 2.69842 -1.46546 -5.61563 5.24157
-5.59128 -13.77119 0.21620 -7.46684 -1.20119 12.36687 1.10050 7.27263 5.23309 -1.14093 -0.38241 4.91753 7.73828 -7.13924 12.29520 -5.05838 13.74328 1.57277 5.61897 -0.74850 -4.61342 4.06345 -4.52365 -0.99252 15.99918 1.17166 -15.83450 -12.52535 9.89382 -6.45292 10.58169 3.13203 -9.29729 0.76179 -5.94450 2.92363 3.87786 -1.86506 -1.65868 11.22475 -12.28509 9.23671 4.15489 -6.87794 0.53503 -9.44036 2.77138 17.22298 4.93033 -1.33911
4.65850 -7.65488 6.45319 0.41339 3.80045 -3.25164 -1.76967 -7.00872 8.80859 7.03702 -5.05140 8.85169 9.18605 -2.96908 -4.50924 -5.80149 -8.04081 -0.24440 -8.16578 -11.58192 -0.48447 -3.37803 -11.04856 -8.40806 4.91932 -4.11068 -2.61906 1.07157 -3.24432 6.70142 -6.44247 4.77197 -8.04705 0.93147 -1.55422 -2.85204 4.36222 0.23799 9.18822 -3.98598 -9.47302 1.06117 -2.79902 -3.88244 -0.82043 -10.86983 5.60302 2.17328 -10.72625 -0.17502
-1.88116 14.31851 6.04807 -2.84670 18.46254 11.93071 5.54972 -8.48025 -0.67865 1.70166 4.55072 2.76058 10.25446 2.00275 2.43822 -7.40163 -2.06998 5.96625 -11.11251 -2.85054 4.10146 -8.28107 3.59266 -5.14596 -4.90726 1.75206 6.39495 2.53660 2.79022 3.94346 3.52160 7.24006 -8.44928 6.95810 2.70215 8.29842 5.49249 12.40661 0.05738 12.66785 -11.84763 -5.14929 11.42278 -7.73489 -6.79655 -0.54957 -13.75060 13.16355 -4.77451 1.52577
-8.85782 1.27069 -4.89698 -0.20651 -3.85814 5.45141 -3.00732 -8.85364 -3.48571 -13.74163 -6.33714 2.28159 -2.69964 4.25530 3.20964 9.05278 -2.91283 1.53115 3.98365 9.39725 7.57317 -1.77762 -10.03759 -5.84154 4.11219 -2.19654 -0.15189 -7.14883 0.41948 -1.75876 -3.28993 -10.27435 -2.90550 1.28374 4.36734 2.27420 0.32530 6.47651 6.87146 1.33164 3.76324 -0.47597 -3.78759 1.42354 -0.56022 7.16019 6.96460 -2.42798 1.32633 5.21145
-10.61681 6.20855 -0.60983 0.57510 0.43251 11.50015 -3.64276 2.91135 5.92274 -2.48591 0.38214 -1.50160 -0.98377 -1.31267 12.36428 12.36048 -8.05612 -0.74043 -0.43754 3.93657 -1.47804 -1.96702 -1.14169 -0.70662 -3.92584 -2.27794 6.38589 -6.01944 3.98352 -10.16542 9.59346 -14.56133 -4.12791 -3.12174 -7.27663 -6.30051 -3.11663 2.81546 -0.58714 6.16309 -2.76008 -9.54150 -6.89062 -5.17775 -10.59348 -0.28969 -5.62315 -11.93866 4.54741 -7.90599
-5.81718 -2.63533 0.16303 0.83458 -6.24561 0.54421 1.04949 2.08880 -8.15175 -1.38865 -11.70573 -2.41059 -5.70093 -1.80011 2.60756 -3.48627 1.18604 -2.26803 -2.98562 -1.92159 -2.86020 -9.60557 4.97130 10.40057 -0.34547 4.60736 -2.30060 -5.19179 -12.02779 -1.07752 3.70762 -2.14229 -1.32760 -5.80992 1.73026 -3.54360 -8.50993 -6.33302 -3.56892 -1.07285 3.61762 2.89419 3.46521 11.71470 11.25795 -10.90819 7.27251 5.79589 0.50758 1.93489
-5.54255 1.43084 -5.72151 -10.77034 -0.43538 -3.08439 -0.75346 -2.92478 0.04858 -7.27197 -15.23137 4.70508 -10.51805 15.21871 1.47498 5.73581 0.40732 2.23801 1.57728 1.06991 0.36269 1.11030 6.96094 9.31891 0.82522 11.94728 2.84656 -0.94206 -3.90166 -7.65710 7.87536 5.94182 -6.84754 3.19721 4.27792 0.08800 -6.20766 -7.05152 1.35999 -7.77334 -2.00776 5.69756 -5.27250 3.78836 -0.80294 3.89229 -12.49173 -3.45703 -8.44973 0.41624
-2.33019 2.95055 5.93597 -3.42736 -8.00615 -11.87569 -2.51961 2.24794 -0.50613 -10.85001 4.44863 12.12479 10.21288 -1.62293 -22.33350 -3.75164 12.81540 -2.73316 4.81785 -5.77699 -11.59881 1.40450 7.46593 0.58186 0.86882 1.76424 2.32479 -0.35316 -13.65069 0.96664 -6.35793 3.14969 11.81517 13.48772 3.82896 4.06779 -2.64250 -1.01700 -1.19642 0.12600 -2.94455 -3.73508 -8.77247 0.03548 7.06786 9.88935 4.82196 0.36294 -0.28884 4.80518
4.08835 2.22312 4.08618 -1.37175 -5.90246 1.60942 7.19068 4.60752 -12.34512 -4.69539 -0.23219 -2.15654 1.47187 -0.76024 -2.28023 8.64940 -8.56124 -5.94235 4.30168 13.33792 -10.12807 -9.59784 8.01715 -0.10185 -12.01360 6.93542 3.99689 -6.35178 -20.55738 5.71901 -5.93847 1.81525 -2.88463 7.66010 -0.63380 7.23135 3.35519 -0.24652 -4.14156 -17.47590 10.47956 -8.63247 -0.12800 -7.62813 9.53730 -4.75278 3.56918 -13.83914 -5.12284 -1.97472
-20.55178 14.07768 -1.12454 -2.65431 0.75481 -6.87041 -2.86902 3.91459 0.05961 -11.02224 3.92509 -8.89715 5.05626 0.17946 0.57517 -10.96755 0.18313 7.81330 -5.90361 3.65409 1.41035 6.22925 10.54981 -4.50746 9.08109 6.49440 4.62912 3.51953 -5.78623 -0.71679 -5.05347 0.83853 11.13231 5.70226 3.16318 0.10500 -10.18986 7.13734 5.63970 -0.86604 7.15346 1.28803 -8.16439 1.03591 -9.18926 -0.07944 0.38336 -3.21449 0.95860 3.25815
2.61782 -5.58702 5.52946 -2.06543 -13.25744 -7.64107 -3.30100 12.82053 -0.65575 -10.26263 -11.57759 11.21641 3.23453 20.46083 -9.86770 0.19278 12.28559 8.49414 -15.19370 -8.83819 10.11617 2.34005 9.42607 3.85596 -10.58348 -5.38468 -12.16622 -0.98290 1.87743 4.25448 -1.01960 0.39674 0.65901 3.35785 8.80096 7.07890 -2.40246 10.96084 0.05964 -2.05538 2.36108 -4.69849 -5.91250 10.17784 15.82068 7.14074 1.60861 -9.86979 13.79804 4.29323
-2.65187 -7.73676 -0.83947 3.32885 -8.56817 2.06000 1.11218 -2.42166 8.34953 9.93414 -4.11180 -6.42887 6.09584 6.32215 -1.41237 -2.54319 -19.06167 -1.25247 -3.17642 5.10902 -3.01508 3.75674 11.90864 9.05965 -0.48459 9.11838 24.64787 2.26851 -9.41353 1.73231 4.80557 -2.43099 -15.24271 3.72510 1.43793 5.48678 7.50295 -5.66940 0.01242 6.47937 -5.59044 0.36338 4.84979 8.84781 8.12848 5.01584 -11.84648 -8.31291 14.01704 11.17103
2.11134 1.28331 -5.31721 -0.39980 0.07108 -1.52308 -3.58809 -2.06364 -10.27694 -4.15978 0.31663 0.66505 -13.82591 -14.19643 4.61624 -6.28643 5.23754 -1.33394 -2.78925 10.90382 -0.31829 4.10762 -3.84294 -11.75624 -10.23523 -12.63131 -2.64778 7.40961 7.28676 -2.37439 -0.89157 7.91973 10.00968 -11.17266 -2.29200 0.20320 -1.54766 -9.79299 -2.21903 5.62628 10.87000 2.70387 -4.80911 -4.24157 -8.82465 -2.88534 3.21087 1.46577 -1.68416 -7.52818
-6.56059 -6.33291 -2.09551 4.62357 -1.05245 12.10182 6.12137 1.49945 -4.36168 -0.80409 2.97251 -9.86431 7.86184 -9.77284 -12.17105 -0.60895 -14.32343 11.69902 -7.68695 -6.00415 4.63706 5.94752 -4.73896 0.29327 -7.82689 -6.73073 11.44207 6.69560 7.35396 13.25402 0.12285 -5.94411 6.41441 22.82965 -1.73751 -0.00589 8.67230 -7.40069 9.22074 9.20589 6.47439 -0.06067 21.13089 -5.80987 3.70844 -7.06321 -0.22824 8.32091 2.82485 -9.91177
-4.34831 -6.72763 11.09567 -1.51904 -6.40580 -9.47509 3.25338 2.44914 -7.12581 -1.59044 -4.01082 10.60339 -8.05523 -1.25935 -11.50640 -18.24733 14.13303 -3.42100 6.04392 -0.80803 -3.55488 3.05292 -1.03242 0.39176 -1.75218 1.41984 2.38988 -11.91141 2.22122 -1.57460 11.36962 5.21302 -2.59786 -14.48897 -0.01921 2.45840 -3.82073 -10.15360 -5.12090 -4.06948 11.56528 1.23039 -5.84949 22.42129 4.80130 -3.91483 1.31494 16.08983 6.39308 0.70718
-8.68347 2.81728 -13.13752 15.68853 6.57647 5.65659 4.94184 -2.60526 9.37032 -6.52716 0.67570 -5.13625 -4.85910 -1.71389 0.05899 5.25172 -5.97670 0.32895 4.33893 -7.20318 8.38863 -4.41386 -4.10851 5.19906 8.07195 -1.27859 7.66579 2.05347 9.38564 7.23957 5.51283 -3.51648 -1.91955 2.33278 3.21865 1.22874 6.49375 -9.02519 13.94479 7.97416 -2.10547 11.38218 6.09350 -12.54192 -2.26943 4.04494 -0.14329 4.07262 -3.74716 1.96028
8.03599 -0.58369 -9.06052 -3.12329 -0.39655 3.37003 7.89400 2.99743 3.54988 -7.18631 -0.14428 -2.68861 -8.28100 -7.68816 -0.49592 3.17870 -4.01954 2.92792 -4.59387 -7.08531 9.60787 8.38672 -7.29211 -3.40967 -7.49681 0.64146 -12.94251 0.23869 8.08832 -0.62087 0.81951 13.53422 6.55346 -6.10138 -8.81731 -6.59873 -7.35830 4.35478 2.16208 1.15261 -2.02381 -9.25643 3.59233 -4.89500 -2.44408 -3.82407 2.36073 -5.54550 -3.10918 -10.52445
-1.74518 -21.69591 15.29354 4.30553 -6.40930 -6.02694 -4.55374 -6.36433 -4.81338 7.13448 -14.47739 -0.17885 5.27862 -3.06331 -2.65001 3.24942 -5.68603 -4.34169 -0.93353 -0.14771 -9.12530 12.03231 -2.35054 -3.84291 1.81570 -0.39877 -8.42174 -1.16958 4.15722 -6.65231 -0.82712 16.38123 -16.09366 8.22405 -0.28801 13.55007 15.74134 3.30133 -0.50585 4.38452 -7.20115 -1.12628 1.09862 -0.42776 -8.91271 -3.84956 -6.33427 1.75057 3.35905 -0.83597
-6.15607 4.99185 3.69158 -1.37609 4.32864 -1.03687 -8.59037 -6.98062 -1.61677 4.92262 -3.99196 0.64127 0.57141 -5.68096 4.04475 1.20914 -3.51655 -1.22266 -1.98766 0.28365 -1.63288 6.28182 2.58417 -0.92698 4.75717 -0.50790 -4.52233 7.09444 4.15623 -7.88605 -1.60922 -7.31690 1.94003 -4.62325 3.70553 -3.74061 -5.86184 7.31118 -2.66469 3.29493 -13.78855 11.05873 0.82948 0.96463 -6.21195 2.11638 4.36532 5.03444 -5.54176 1.35610
-9.78176 -4.27169 12.89821 5.24690 -8.94832 -4.17780 -2.10019 -4.28142 -7.74586 6.06749 -4.67572 -8.58478 0.73917 4.70809 -6.09062 -4.19513 -4.60748 2.20567 2.22316 9.32514 -8.83933 -3.38582 -2.21541 -4.61725 -9.21184 -13.42857 3.33453 -1.05980 6.13285 -8.44406 -10.10606 6.38456 -3.87131 -4.24949 -2.47351 -3.38065 11.27099 -10.27604 -18.89596 10.96968 14.36861 -1.67082 -6.13420 11.46275 -5.64862 1.65615 13.07579 -6.67940 10.71890 -8.93139
2.92065 -12.98745 4.58803 -4.40484 0.22620 4.72900 -2.06739 -1.00361 -4.80689 18.49254 -12.51841 -3.98712 3.89839 -5.12892 5.15783 4.40299 -17.02991 -8.41626 -0.34282 5.66960 -7.41841 13.14158 -5.44276 -9.54425 4.71020 2.45274 -0.18084 -9.43811 4.11666 -7.42710 -1.88577 13.34607 -15.33341 12.84049 5.75900 -0.33559 10.77759 5.76768 5.67405 -9.28759 -22.84749 0.18663 -4.75477 -4.06907 0.01583 -6.32454 -4.61819 8.20504 -8.33255 -6.71813
9.19779 -2.30875 -1.97791 6.25891 -9.11840 -4.19679 -2.28210 8.10752 1.60696 -1.04801 -2.94578 1.73011 -7.68729 12.31322 2.77404 9.20171 0.60102 -2.30469 -3.21624 -5.49594 6.56822 6.27754 -0.16219 2.35516 -6.18824 4.53010 9.68087 -5.31705 6.92308 -10.62983 2.50940 0.26621 -8.28674 1.48076 -2.61023 -1.97332 10.97083 -3.10787 -3.36069 2.46896 1.21015 -5.05769 -6.87890 -8.40530 -3.54571 -4.91982 2.31391 -3.47534 2.26525 9.80225
1.96262 2.02798 -4.72421 -4.76965 3.76383 2.49420 -3.55637 1.15900 4.16059 -0.36858 2.85006 -3.36568 11.44716 1.22985 1.04843 5.33717 -8.20864 2.03260 -2.09129 -1.44441 -0.01013 2.85022 -4.55870 -7.69336 5.39283 -1.63907 -0.80883 -0.30349 1.09691 3.81398 -5.78538 8.31010 0.67322 4.53550 -0.42635 3.00855 7.29563 6.12097 7.78378 -2.70219 -17.68217 0.51811 2.25351 -11.94689 -0.57642 0.49459 -0.87927 -5.54101 -5.84944 2.07308
-4.30615 -4.03647 5.11288 -1.00284 -9.98263 -0.01977 0.68943 -3.41508 -5.14241 -3.84618 3.26566 5.05499 8.39432 -7.31154 -11.78322 -5.23719 -6.76411 5.81096 9.80967 -4.31709 4.60678 4.11931 -7.36124 -2.55149 -14.71274 1.03441 9.52939 10.04141 3.18120 15.19244 -6.05958 -1.89603 6.97604 7.77792 5.23375 2.11922 8.31069 -0.76287 5.01314 5.14676 0.63653 1.53875 -9.98514 -5.03060 23.37432 -4.66488 2.49775 -1.73574 0.56776 -3.24863
2.01931 4.39284 11.95502 5.64496 2.57274 -3.22659 -2.74092 1.93109 -0.16236 19.75077 5.49758 -2.86382 -4.32740 5.71693 5.89976 6.09990 -19.29535 -6.39385 -5.64460 7.57406 -0.53769 -0.74319 15.12721 9.39006 -6.87921 3.97075 -1.70319 8.88665 0.24708 2.72356 6.70903 -0.50028 -9.86140 -11.89714 1.32275 6.31811 13.88952 1.49761 -6.67684 -2.12031 -0.21667 5.82306 0.69351 2.68640 -1.25974 -1.08659 -10.27088 -2.42205 2.38526 -6.30507
-3.04681 -1.23522 9.00698 1.52209 -1.38830 6.78999 0.73178 -2.74453 -8.80225 -4.34525 15.12439 -0.80255 -6.04496 2.48266 4.45687 2.50202 7.16835 -7.81436 7.63097 -7.91726 -8.63663 -4.82343 5.27521 14.73612 -9.56811 -4.03738 3.76215 -0.34583 -0.97878 5.73026 -0.21269 -8.27217 5.62698 -10.09778 2.23842 5.81805 -4.50649 9.90185 -5.32120 -4.91039 8.03508 7.99964 3.11862 10.33296 13.70942 3.42323 2.85383 -0.99556 3.04508 -4.58013
3.20103 -11.87048 -4.26178 -13.50418 4.09589 4.19673 5.02537 1.65498 -12.20188 -7.59042 -6.08830 14.97252 11.44363 -4.90230 -5.20616 -1.69385 2.85526 -6.98128 10.22164 0.23116 -1.42280 -1.29096 -11.17435 -3.78408 -0.85544 7.23203 0.25098 -3.44584 -11.68399 -5.95396 -5.10343 5.31528 -0.25171 -12.59883 -7.38661 -16.32691 -5.52358 -1.02110 1.53505 3.59903 -1.03320 -2.00934 -13.96305 0.24849 9.50868 -1.21989 4.38142 -6.70597 8.07943 -3.52150
3.84872 0.14203 10.06373 2.62628 -11.88521 12.45168 -2.67753 10.72054 7.18417 -12.59249 7.00982 2.77434 -11.58031 4.28574 -1.31523 -7.52669 7.65050 -1.78229 -6.28689 0.60748 5.95160 -4.97778 7.83736 8.57887 -0.55373 -10.44534 -6.79956 1.98138 -9.11416 6.90914 1.95543 2.48066 15.50449 -7.76684 -7.07161 7.19541 -1.25008 1.19541 5.88386 13.52350 8.73555 9.10607 15.15227 -0.84387 0.99500 11.63258 1.24058 1.39413 0.72658 1.89926
12.10723 -10.70301 -5.43197 -4.05186 4.18457 -12.62263 -2.57267 0.73041 3.65339 -7.96161 -6.27110 -11.59467 -11.13519 -9.01254 2.84381 -6.12589 0.61557 -7.59724 -1.20605 -13.30417 11.37639 -4.27160 -5.10500 -0.25167 9.57561 -3.20802 -6.79238 -13.70412 11.15701 -4.87855 -2.45460 -2.39240 0.56271 6.21780 -10.59705 0.00263 -7.84851 -7.91482 1.47833 3.90529 -13.32011 1.22151 -7.63392 7.61666 2.01271 -9.90809 1.96074 0.55613 -10.12591 3.11582
-9.04163 -2.17153 7.32799 3.43788 10.06896 9.70688 -15.29934 -5.11454 -3.10467 3.72305 -4.52359 -12.01560 0.68396 -6.08222 5.16181 -9.28209 5.03100 10.76332 -6.87395 -7.30262 -14.44219 2.85765 -3.87827 -4.23203 5.73955 -10.13266 -13.28524 5.34006 7.19082 -5.49072 10.17296 5.83307 2.65921 -5.41259 5.44392 -3.69851 -1.08355 0.41876 4.82748 1.79069 4.27896 5.97078 5.00272 7.64057 -15.72261 6.98262 9.09427 -5.59764 3.17092 -11.56895
-2.07207 -7.36405 -5.66629 -3.68774 -3.02927 17.75025 7.39435 9.11167 -1.49703 -3.96155 -0.32878 -2.47186 -3.26942 6.24179 -6.06491 8.46879 -1.38503 -8.55434 7.95271 5.92774 -13.49902 7.74820 -2.65373 0.85825 -6.91539 -2.14350 11.04260 0.83081 -15.29935 -0.20813 1.27455 1.45573 6.97121 5.86061 3.28689 -3.69744 6.27372 8.72816 1.85799 0.10252 13.48209 -2.74132 4.81004 -0.30387 1.96470 -5.19035 0.24110 -3.01115 -5.27573 -4.34083
